A1CF.9-9.11.fasta	0	32	77	120	200	255	287
A2ML1.9-9.10.fasta	0	6	34	77	115	151	200	249	325	366	418
A3GALT2.6-7.8.fasta	0	227
A4GNT.9-9.9.fasta	0	204
AAAS.9-9.18.fasta	0	42	61	92	107	140	188	229	270	290	312	339
AACS.7-7.16.fasta	0	21	61	83	102
AADACL3.7-9.9.fasta	0	20	277
AADAT.8-8.15.fasta	0	44	68	100	120	142
AAED1.4-6.16.fasta	0	17	52	96	137
AAGAB.9-9.21.fasta	0	31	61	89	117	152	169	193
AAMDC.9-9.21.fasta	0	44
AAMP.9-9.21.fasta	0	27	66	100	130
AAR2.9-9.19.fasta	0	77
AARD.2-2.2.fasta	0	46
AARS.9-9.21.fasta	0	62	126	175	223	260	310	352	400	460	498	567	627	655	693	753
AARS2.9-9.16.fasta	0	63	111	167	216	264	301	314	351	395	441	487	523	560	601
AARSD1.5-6.18.fasta	0	43	96	115	168	207	250	273	303	322	352
AASDHPPT.7-8.18.fasta	0	41	95
AASS.9-9.18.fasta	0	26	69	118	156	176	198	239	281	318	355	402	458	490	527
AATF.9-9.21.fasta	0	45	83	138	166	188	214
